time    N W V
20250213080000     43      8    -52
20250213080001     39     19      9
20250213080002     31     37     50
20250213080003     17     42     60
20250213080003    -10     23     38
20250213080004    -19     -3     24
20250213080005    -27    -24     21
20250213080006    -37    -29      3
20250213080006    -33    -36    -11
20250213080007    -12    -25    -13
20250213080008      9      4      0
20250213080009      9     32     -7
20250213080010     -4     39    -11
20250213080010    -13     47     -9
20250213080011      2     53    -10
20250213080012     20     36    -14
20250213080013      9      5    -29
20250213080014     -3    -43    -54
20250213080014     -7    -94    -10
20250213080015    -10    -95     51
20250213080016     -1    -42     48
20250213080017     21     15     30
20250213080017     22     41     -4
20250213080018     15     33    -33
20250213080019     15     12    -27
20250213080020      8      5     19
20250213080021     -4     15     36
20250213080021     -1     33     13
20250213080022     15     45     -2
20250213080023     26     27    -13
20250213080024     13    -13    -30
20250213080024     -9    -39    -26
20250213080025    -10    -47      0
20250213080026    -23    -38     47
20250213080027    -42     -9     53
20250213080028    -46      5     18
20250213080028    -34      6    -20
20250213080029      1     -8    -38
20250213080030     16    -11    -13
20250213080031      5     12      2
20250213080031     -2     44    -22
20250213080032      8     30    -52
20250213080033     17     -4    -22
20250213080034     15    -12     18
20250213080035     12     10     37
20250213080035      0     36     28
20250213080036     12     15     -4
20250213080037     10     -9     11
20250213080038     -6    -24     20
20250213080039     -5    -22     20
20250213080039     -6    -10     25
20250213080040    -28     -4    -10
20250213080041    -30    -10    -50
20250213080042      6    -21    -43
20250213080042     28     -8     -2
20250213080043     40     20     10
20250213080044     28     26    -11
20250213080045     25    -12    -28
20250213080046     -1    -69      4
20250213080046    -21    -72     40
20250213080047    -24    -14     68
20250213080048    -29     46     57
20250213080049    -28     79      5
20250213080049    -21     64    -37
20250213080050      7     20    -60
20250213080051     11    -22    -35
20250213080052     13    -17     -5
20250213080053      8     13      9
20250213080053      9     16    -13
20250213080054     13     -3    -17
20250213080055     11    -15     -9
20250213080056     14     -4      4
20250213080056     19      3     19
20250213080057     33     33     32
20250213080058     17     35     23
20250213080059    -19    -11      1
20250213080100    -51    -23     19
20250213080100    -74    -31     32
20250213080101    -66    -31     -2
20250213080102    -30    -36    -39
20250213080103      3    -38    -25
20250213080104     27    -12    -18
20250213080104     29     -5    -15
20250213080105     39      2    -10
20250213080106     45     19     13
20250213080107     34     41     23
20250213080107     15     51     -1
20250213080108     -2     37    -20
20250213080109      1     11     -5
20250213080110     -3    -28     11
20250213080111     -3    -39     19
20250213080111     -7    -25     37
20250213080112    -23     -4     30
20250213080113    -28     -6      2
20250213080114    -20    -10    -29
20250213080114    -19    -12    -26
20250213080115    -11     -9    -19
20250213080116     -2     16    -13
20250213080117      5     23    -23
20250213080118     32     31    -32
20250213080118     35     27    -27
20250213080119     46     13    -24
20250213080120     42      8     20
20250213080121      3     13     64
20250213080121    -10     -2     57
20250213080122    -20     -8     56
20250213080123    -29     -3     48
20250213080124    -37      4     12
20250213080125    -37      2    -35
20250213080125    -29    -23    -47
20250213080126    -18    -45    -42
20250213080127      6    -43    -42
20250213080128     26    -22    -14
20250213080129     33     -8      6
20250213080129     18     12     37
20250213080130      4     27     14
20250213080131     -4     26    -33
20250213080132    -16     -9    -29
20250213080132     -9     -8     10
20250213080133     -1     17     29
20250213080134      3     11      4
20250213080135     14     -7    -12
20250213080136     17     -4      4
20250213080136     15     15     29
20250213080137      7     19     13
20250213080138     -3     15    -12
20250213080139    -13     -1     -6
20250213080139    -23    -20      8
20250213080140    -16    -23      6
20250213080141    -11     -6     12
20250213080142     -8      9      2
20250213080143     13     19    -26
20250213080143     43     14    -32
20250213080144     40      1    -30
20250213080145     21     -6     -2
20250213080146     -8     -3     24
20250213080146    -22      2     30
20250213080147    -14     -4     21
20250213080148    -12     -8     -2
20250213080149    -22     -9      7
20250213080150    -32    -12     -3
20250213080150    -15     -8    -14
20250213080151     -6     -6     -9
20250213080152     -3    -12    -16
20250213080153     11     -9     -5
20250213080154     20     -4      2
20250213080154     22      6      7
20250213080155     13      9     11
20250213080156      4      7      5
20250213080157      1     33      0
20250213080157      9     49      7
20250213080158     14     33      5
20250213080159     10     10     -5
20250213080200     -2    -15    -13
20250213080201    -13    -34    -11
20250213080201    -24    -55     -4
20250213080202    -19    -49     15
20250213080203    -13    -33     42
20250213080204    -16      2     16
20250213080204     -9     28    -21
20250213080205     -8     18    -41
20250213080206      0     17    -37
20250213080207     17     15     -6
20250213080208     32     31     13
20250213080208     47     34      9
20250213080209     36      6     15
20250213080210     -1    -20     32
20250213080211    -26    -13     27
20250213080211    -28      1     22
20250213080212    -12      6      7
20250213080213     -6      9    -22
20250213080214     -4     -9    -59
20250213080215     10    -33    -64
20250213080215     13    -34    -20
20250213080216    -15    -22      6
20250213080217    -24     -3     12
20250213080218      2     -2     28
20250213080219      8     -2     72
20250213080219      9     31     76
20250213080220     10     37      4
20250213080221      2      5    -45
20250213080222    -21    -33    -49
20250213080222    -20    -32    -24
20250213080223     -7    -11     -7
20250213080224     -3     25    -15
20250213080225     13     38    -36
20250213080226     24     13    -38
20250213080226     16     -8     21
20250213080227     16    -17     42
20250213080228     39     -3     49
20250213080229     29     10     70
20250213080229     -6     28     46
20250213080230    -42     30      4
20250213080231    -49     23    -26
20250213080232    -33     11    -28
20250213080233    -20    -15    -35
20250213080233     -6    -19    -35
20250213080234     -3    -14    -33
20250213080235      3    -16    -45
20250213080236     11    -28    -32
20250213080236     13    -31     -2
20250213080237      6    -12     35
20250213080238     15     14     47
20250213080239     38     44     37
20250213080240     28     35     21
20250213080240     11     11      2
20250213080241     -8    -17     -4
20250213080242    -13    -37    -23
20250213080243    -10    -32    -12
20250213080244    -22    -41     11
20250213080244    -22    -32     22
20250213080245    -15     -2     26
20250213080246     -6     25     -3
20250213080247      7     18    -35
20250213080247     30    -18    -40
20250213080248     44    -21    -23
20250213080249     32     14     20
20250213080250    -13     43     37
20250213080251    -42     49      7
20250213080251    -30     34    -22
20250213080252      2     24    -26
20250213080253     29      9     -7
20250213080254     30     -2     14
20250213080254      9    -11     25
20250213080255    -26    -17     36
20250213080256    -54    -17     46
20250213080257    -65    -11     27
20250213080258    -63      0      4
20250213080258    -42      2    -31
20250213080259     -4     -2    -45
20250213080300     17    -10    -67
20250213080301     54     -2    -70
20250213080301     81      6    -45
20250213080302     90     33    -29
20250213080303    101     29     18
20250213080304     89     16     40
20250213080305     61     -2     74
20250213080305     -6    -20    100
20250213080306    -75    -18     78
20250213080307   -124    -35     38
20250213080308   -130    -49     -4
20250213080309    -92    -54    -40
20250213080309    -48    -42    -59
20250213080310    -10    -26    -42
20250213080311     14      3    -28
20250213080312     35     28    -36
20250213080312     46     44    -32
20250213080313     35     30    -21
20250213080314     16      5    -16
20250213080315     15      0      3
20250213080316     16      8     26
20250213080316     38     39     25
20250213080317     48     47     10
20250213080318     40     25     -4
20250213080319     27     13      7
20250213080319      4     -1     35
20250213080320    -13    -16     43
20250213080321    -19    -20     57
20250213080322    -48    -13     55
20250213080323    -87    -17     17
20250213080323    -80    -12    -33
20250213080324    -53     -3    -64
20250213080325    -20     -9    -68
20250213080326     15      7    -63
20250213080326     46      7    -33
20250213080327     53      8      7
20250213080328     55     14     20
20250213080329     43     14     18
20250213080330     24      6     12
20250213080330     -5     -6     11
20250213080331    -10     -6     12
20250213080332     -2     -9      7
20250213080333     -1     -6    -12
20250213080334     11     -9    -38
20250213080334     -2    -34    -18
20250213080335    -21    -49     37
20250213080336    -19    -18     62
20250213080337    -14     -3     59
20250213080337    -33      2     40
20250213080338    -27     19     11
20250213080339     -9     25    -28
20250213080340     10     35    -72
20250213080341     23      9    -92
20250213080341     25    -23    -69
20250213080342     16    -19    -11
20250213080343     14      1     20
20250213080344     21     25     45
20250213080344     -5     35     60
20250213080345    -22     32     31
20250213080346    -17     16     21
20250213080347    -13     -4     20
20250213080348    -20    -11     23
20250213080348    -14    -10     21
20250213080349     -1     -2     -6
20250213080350      6     18    -42
20250213080351     23      1    -76
20250213080351     33    -25    -76
20250213080352     30    -31    -40
20250213080353     28    -32      0
20250213080354     19    -27     42
20250213080355    -10    -24     94
20250213080355    -34      2     87
20250213080356    -57     33     53
20250213080357    -65     49      1
20250213080358    -14     38    -75
20250213080359     39     15    -92
20250213080359     52    -13    -86
20250213080400     41    -35    -39
20250213080401     24    -36     19
20250213080402      8    -14     50
20250213080402    -23     -9     59
20250213080403    -49     -5     44
20250213080404    -48     35     43
20250213080405    -21     52     23
20250213080406      6     57     -8
20250213080406     39     29    -43
20250213080407     39     -8    -46
20250213080408      4    -43    -29
20250213080409     -1    -60      0
20250213080409    -15    -56     50
20250213080410    -29    -44     39
20250213080411    -30    -20      9
20250213080412    -28      0      5
20250213080413    -12     20      3
20250213080413      9     46    -20
20250213080414     26     68    -48
20250213080415     40     46    -68
20250213080416     51      3    -83
20250213080416     60    -33    -42
20250213080417     55    -31     28
20250213080418     20    -16     72
20250213080419    -20     -3     74
20250213080420    -55      4     66
20250213080420    -57     12     37
20250213080421    -38     13     12
20250213080422    -28     -5      2
20250213080423    -23    -11    -15
20250213080424     -8     -9    -28
20250213080424     12      3    -34
20250213080425     15      5    -21
20250213080426      2      1      2
20250213080427      0     22     24
20250213080427     -5     22     15
20250213080428    -14      5    -11
20250213080429      3     -1    -11
20250213080430      2     -2    -30
20250213080431      4      6    -64
20250213080431     22    -25    -53
20250213080432     47    -43    -29
20250213080433     46    -32     19
20250213080434     15    -13     55
20250213080434     -4     16     64
20250213080435    -19     27     55
20250213080436    -18     21     17
20250213080437    -23     -3      2
20250213080438    -21    -21      5
20250213080438    -11    -15      6
20250213080439    -14      1      0
20250213080440    -11      4    -14
20250213080441      0      9    -15
20250213080441      7     10    -17
20250213080442      1      0      2
20250213080443     -9     -1     -2
20250213080444    -21      9     -4
20250213080445    -17     16      8
20250213080445     -1     19    -17
20250213080446      8     10    -48
20250213080447     28    -16    -68
20250213080448     27    -26    -37
20250213080449     39    -11     -3
20250213080449     69     13     30
20250213080450     64     12     43
20250213080451     29      4     30
20250213080452     -9    -11     35
20250213080452    -41    -16     60
20250213080453    -68     -6     66
20250213080454    -75     12     47
20250213080455    -54     19     13
20250213080456    -20     26    -31
20250213080456     -1     23    -63
20250213080457      8    -24    -95
20250213080458     16    -45    -67
20250213080459      5    -44    -15
20250213080459    -10    -30     17
20250213080500     -4      3     10
20250213080501      2     34      0
20250213080502      1     45      1
20250213080503      6     39     23
20250213080503     21     32     49
20250213080504     37     35     33
20250213080505     38     20     -5
20250213080506     24    -36    -47
20250213080506     -1    -74    -28
20250213080507    -33    -78     20
20250213080508    -39    -55     34
20250213080509    -18    -13     34
20250213080510     -4     13     32
20250213080510      8     33      4
20250213080511     10     44    -28
20250213080512      5     31    -52
20250213080513     17     19    -57
20250213080514     25     15    -36
20250213080514     26     -4    -28
20250213080515     15    -32      4
20250213080516     18    -33     39
20250213080517     28      7     71
20250213080517     -3     34     67
20250213080518    -29     30     11
20250213080519    -44      9      1
20250213080520    -43    -12     -3
20250213080521    -29    -11    -17
20250213080521    -30    -28    -20
20250213080522    -23    -22    -13
20250213080523    -16      6     -3
20250213080524    -10     13    -12
20250213080524      2     19    -28
20250213080525      6     15    -22
20250213080526      3     10      5
20250213080527     10     12     10
20250213080528     32      6      1
20250213080528     41      5    -17
20250213080529     28      1    -21
20250213080530      9    -12     -1
20250213080531     -1     -6     25
20250213080531     -4      1     43
20250213080532     20      4     19
20250213080533     40    -20      0
20250213080534     17    -40      3
20250213080535     -4    -30      3
20250213080535    -30    -30      7
20250213080536    -47    -28      3
20250213080537    -48     -3     17
20250213080538    -42     32      6
20250213080539     -9     63    -29
20250213080539     19     50    -62
20250213080540     36     10    -74
20250213080541     62    -21    -38
20250213080542     68    -49      7
20250213080542     47    -48     56
20250213080543      7    -24     80
20250213080544    -34     10     86
20250213080545    -61     43     66
20250213080546    -79     56     11
20250213080546    -68     41    -55
20250213080547    -35      4    -75
20250213080548     -5    -23    -54
20250213080549     14    -16    -38
20250213080549     13     -8    -17
20250213080550     11      0     -4
20250213080551     27      9     10
20250213080552     30     27     18
20250213080553     19     41     18
20250213080553     10     14      2
20250213080554     10     -5    -21
20250213080555     10    -14      2
20250213080556      8    -25     31
20250213080556     25    -22     34
20250213080557     23    -23     29
20250213080558      5    -33     24
20250213080559      0    -27     -2
20250213080600     -3    -19     -8
20250213080600    -21     -6      7
20250213080601    -40      7     -6
20250213080602    -55      5    -29
20250213080603    -39     -5    -49
20250213080604     -4     -4    -37
20250213080604      2     18    -11
20250213080605     16     14      4
20250213080606     44      6     10
20250213080607     46     13     29
20250213080607     30     10     28
20250213080608      7      3      1
20250213080609    -23      0     -7
20250213080610    -29      3      0
20250213080611    -30      2      1
20250213080611    -28      4     -8
20250213080612    -15      7    -21
20250213080613      4     14     -9
20250213080614     31     21     14
20250213080614     40     26     16
20250213080615     49     25     13
20250213080616     44     14      7
20250213080617     14    -14     16
20250213080618    -26    -38     31
20250213080618    -59    -23      6
20250213080619    -53    -30    -27
20250213080620    -36    -45    -16
20250213080621    -35    -39     -5
20250213080621    -23    -23    -11
20250213080622     -5      9    -19
20250213080623      3     30    -26
20250213080624     18     33    -12
20250213080625     34     23     -1
20250213080625     48      9    -11
20250213080626     65     -3    -15
20250213080627     65    -14     14
20250213080628     34     -8     50
20250213080629     -1     18     46
20250213080629    -36     27     25
20250213080630    -63      6     -2
20250213080631    -56    -13     -5
20250213080632    -35     -4    -11
20250213080632    -17      0    -33
20250213080633     -9     -4    -37
20250213080634     12    -27    -37
20250213080635     33    -32      0
20250213080636     18     -4     31
20250213080636     -5     25     37
20250213080637    -10     30     38
20250213080638     -2     27     21
20250213080639     -4     12     -6
20250213080639     -7     -5    -17
20250213080640     -6      9    -12
20250213080641     -4      9    -25
20250213080642      1     -7    -37
20250213080643     13    -16    -19
20250213080643     24     -7      9
20250213080644     35     -4     18
20250213080645     27      5     -1
20250213080646      6      2    -24
20250213080646      1    -22    -14
20250213080647     -3    -36     24
20250213080648     -5    -31     61
20250213080649     -7    -10     61
20250213080650    -11     17     24
20250213080650    -30     23    -14
20250213080651    -40     18    -46
20250213080652    -28      8    -46
20250213080653    -20     -9    -22
20250213080654      0    -11    -15
20250213080654     30    -16    -14
20250213080655     34    -12     -6
20250213080656     23     -7     28
20250213080657     -3     16     44
20250213080657     -2     43     12
20250213080658     11     44      5
20250213080659      8     30      3
20250213080700      8     10     -4
20250213080701     -9    -10    -10
20250213080701    -12    -10     -6
20250213080702     -3     -8     -4
20250213080703      1     -9    -20
20250213080704     -3    -18    -27
20250213080704    -17    -28    -27
20250213080705    -22    -15    -11
20250213080706      2     -1     -1
20250213080707     30    -12     17
20250213080708     28      2     54
20250213080708     -1     29     67
20250213080709    -21     23     28
20250213080710    -24      3    -12
20250213080711    -32    -29    -23
20250213080711    -36    -23    -15
20250213080712    -13    -11    -11
20250213080713     16     -1    -19
20250213080714     38      9    -32
20250213080715     60      3    -47
20250213080715     71    -12    -17
20250213080716     51     -5     17
20250213080717     13     17     36
20250213080718    -23     17     40
20250213080719    -42     14     11
20250213080719    -41      3     -8
20250213080720    -35     -6     -1
20250213080721    -19     -8     -2
20250213080722    -14     -1      8
20250213080722    -12      9     -6
20250213080723      2      6    -17
20250213080724     14     -3      1
20250213080725      5    -15     17
20250213080726    -13    -12     17
20250213080726    -25      7     12
20250213080727    -18      8     -5
20250213080728     -4      5     -9
20250213080729      9      3    -12
20250213080729     40     20    -22
20250213080730     47     27    -13
20250213080731     33     23    -27
20250213080732     -1     15    -13
20250213080733    -24     -2      0
20250213080733    -14    -22     10
20250213080734     -2    -42     -1
20250213080735      2    -58      1
20250213080736    -16    -62     29
20250213080736    -16    -27     43
20250213080737    -16      7     35
20250213080738    -17     36     -1
20250213080739      5     44    -19
20250213080740     26     35    -28
20250213080740     39     11    -18
20250213080741     35    -13     -8
20250213080742     15    -21     19
20250213080743    -18     -8     32
20250213080744    -33     18     13
20250213080744    -33     24     -7
20250213080745    -18     18    -16
20250213080746      2     18    -23
20250213080747     12     18    -33
20250213080747     26      2    -23
20250213080748     26     -6    -18
20250213080749     24    -10    -16
20250213080750      9    -27     16
20250213080751    -16    -44     31
20250213080751    -29    -32     45
20250213080752    -26      2     70
20250213080753    -12     37     47
20250213080754      6     56    -19
20250213080754      0     34    -53
20250213080755    -10     -6    -67
20250213080756      2    -37    -60
20250213080757      5    -57    -21
20250213080758     -6    -52     14
20250213080758    -22    -30     65
20250213080759    -24     14     75
20250213080800    -14     54     44
20250213080801      3     48    -22
20250213080801      3     14    -68
20250213080802      5    -31    -51
20250213080803     21    -42    -19
20250213080804     30     -3     14
20250213080805     19     32     15
20250213080805     15     48      0
20250213080806     39     45     10
20250213080807     46     28      9
20250213080808     27      3     -2
20250213080809    -10    -32     -2
20250213080809    -43    -63      8
20250213080810    -43    -60     27
20250213080811    -35    -29     31
20250213080812    -32      9     14
20250213080812    -12     38    -18
20250213080813     -2     34    -28
20250213080814     12     19    -28
20250213080815     20      9    -12
20250213080816     18      2      7
20250213080816      6      2     14
20250213080817     -7    -10      6
20250213080818    -10    -21      7
20250213080819    -10    -12     -4
20250213080819      4    -12    -27
20250213080820     15    -16    -24
20250213080821     18     -9      4
20250213080822      8      4     47
20250213080823    -10     32     26
20250213080823    -16     30    -22
20250213080824     -7     17    -31
20250213080825     -4     -7    -22
20250213080826      1    -27     -9
20250213080826      0    -23     12
20250213080827     -1    -17     22
20250213080828     -6      4     35
20250213080829     -2     23     31
20250213080830      9     42      7
20250213080830    -11     31    -33
20250213080831    -18    -12    -54
20250213080832    -15    -34    -23
20250213080833      4    -19     12
20250213080834      0     -1     38
20250213080834     -5     14     28
20250213080835     14     23      0
20250213080836     33     18    -20
20250213080837     56      8    -27
20250213080837     41    -22    -23
20250213080838     14    -32     -5
20250213080839     -9    -19     23
20250213080840    -34     -8     38
20250213080841    -45     -9     28
20250213080841    -30     -8     18
20250213080842    -24     -7     15
20250213080843    -25    -19    -13
20250213080844    -17    -13    -28
20250213080844     -2      5    -48
20250213080845     32     22    -53
20250213080846     48     27    -28
20250213080847     47     15     -9
20250213080848     32     17     19
20250213080848      6     22     43
20250213080849     -1     27     45
20250213080850      8     21     29
20250213080851     -9    -11     27
20250213080851    -42    -42      8
20250213080852    -58    -48      4
20250213080853    -49    -37      5
20250213080854    -35    -15     -4
20250213080855    -37     12    -10
20250213080855    -30     29    -36
20250213080856    -14     31    -31
20250213080857     13     31    -22
20250213080858     48     38    -34
20250213080859     85     30    -55
20250213080859    106     -6    -24
20250213080900     82    -20     32
20250213080901     37     -4     50
20250213080902     -3     14     42
20250213080902    -31     13     32
20250213080903    -55    -19      8
20250213080904    -74    -50     -4
20250213080905    -68    -68     14
20250213080906    -55    -54     26
20250213080906    -21    -12     34
20250213080907     10     20     29
20250213080908     13     31      0
20250213080909     11     41    -49
20250213080909     13     23    -89
20250213080910     29    -22    -94
20250213080911     41    -58    -48
20250213080912     43    -61     10
20250213080913     39    -13     55
20250213080913     17     31     71
20250213080914    -14     48     55
20250213080915    -24     66     32
20250213080916    -26     73     13
20250213080916    -18     61    -12
20250213080917     -8     13    -33
20250213080918      2    -36    -40
20250213080919      6    -59    -23
20250213080920     -2    -54      1
20250213080920     -7    -26      3
20250213080921    -21     -2     -1
20250213080922    -21     13     -3
20250213080923    -13     21     21
20250213080924    -16     31     35
20250213080924    -16     36     40
20250213080925    -15     28     18
20250213080926      3     -3    -28
20250213080927     19    -36    -27
20250213080927     18    -54    -19
20250213080928     20    -33    -31
20250213080929     15     -7    -32
20250213080930     24     14    -37
20250213080931     47     20    -29
20250213080931     42     17      5
20250213080932      9     17     25
20250213080933    -25     -9     45
20250213080934    -28    -18     58
20250213080934    -19     -5     52
20250213080935    -18    -10     19
20250213080936    -22    -29     -9
20250213080937    -27    -31     -1
20250213080938    -22     -4      0
20250213080938    -16     22    -21
20250213080939     -3     20    -47
20250213080940      6     -3    -50
20250213080941      8    -22    -30
20250213080941     19    -15     17
20250213080942     36     14     52
20250213080943     50     58     32
20250213080944     39     47     -5
20250213080945     23     14    -21
20250213080945     -1      3     13
20250213080946    -43     16     18
20250213080947    -51     13    -22
20250213080948    -35    -15    -44
20250213080949    -23    -31    -23
20250213080949    -19    -44    -12
20250213080950      4    -38    -14
20250213080951     22    -32     25
20250213080952     16    -14     58
20250213080952     22     16     46
20250213080953     24     38     14
20250213080954     22     36     -4
20250213080955      0     22    -10
20250213080956    -35      8    -22
20250213080956    -36      5    -20
20250213080957    -22     -6     -1
20250213080958     -7    -19    -12
20250213080959     21      0    -23
20250213080959     24      6    -18
20250213081000     22     -5    -18
20250213081001     29     -5      7
20250213081002     19    -12     47
20250213081003     -7     -2     35
20250213081003    -19     16     10
20250213081004    -41     12     11
20250213081005    -56     -3     19
20250213081006    -47    -17     20
20250213081006    -30    -17    -10
20250213081007      5     -9    -44
20250213081008     30     -2    -63
20250213081009     50      2    -45
20250213081010     57     16    -24
20250213081010     60     13     -9
20250213081011     54     -1     -2
20250213081012     46    -28      6
20250213081013     28    -64     46
20250213081014    -18    -62     95
20250213081014    -57     -2    112
20250213081015    -72     62     67
20250213081016    -76     75    -21
20250213081017    -60     53    -88
20250213081017    -18     29    -88
20250213081018     18     10    -72
20250213081019     44     -4    -57
20250213081020     38    -32    -21
20250213081021     10    -48     31
20250213081021      0    -34     63
20250213081022     11    -16     60
20250213081023      0      6     51
20250213081024    -25     25      9
20250213081024    -45     45    -37
20250213081025    -40     35    -36
20250213081026    -16     14    -19
20250213081027      9     18    -20
20250213081028     43     24    -41
20250213081028     78    -20    -56
20250213081029     76    -69    -12
20250213081030     56    -80     65
20250213081031     37    -45    109
20250213081031     -8     15    110
20250213081032    -64     52     66
20250213081033    -97     63    -22
20250213081034    -96     40    -90
20250213081035    -65     -2    -87
20250213081035    -25    -29    -52
20250213081036     17    -26    -23
20250213081037     56    -16    -24
20250213081038     62    -21    -20
20250213081039     52    -39     -8
20250213081039     35    -25     26
20250213081040     25     17     53
20250213081041     12     41     49
20250213081042    -21     17     30
20250213081042    -40    -24     31
20250213081043    -42     -9     46
20250213081044    -41     31     15
20250213081045    -19     37    -50
20250213081046     26     16    -92
20250213081046     57    -19    -86
20250213081047     69    -35    -44
20250213081048     50    -21     36
20250213081049      8      2     80
20250213081049    -26     31     73
20250213081050    -42     48     28
20250213081051    -61     20    -19
20250213081052    -54    -20    -45
20250213081053    -31    -32    -38
20250213081053    -25    -18     -9
20250213081054     -3      7      0
20250213081055     26     15     14
20250213081056     41     14     18
20250213081056     24      7     25
20250213081057      0     -1     20
20250213081058     -9      7      5
20250213081059      1      4    -14
20250213081100      3     -4    -14
20250213081100      5     -5    -34
20250213081101     19     -6    -44
20250213081102     12    -20    -20
20250213081103      4    -24      3
20250213081104     10     -1     31
20250213081104     23     16     46
20250213081105     12     16     36
20250213081106    -18     -6      1
20250213081107    -42    -29    -14
20250213081107    -47    -33     -1
20250213081108    -27    -12      2
20250213081109     10      7    -20
20250213081110     33     -5    -26
20250213081111     36    -27    -24
20250213081111     26    -22      2
20250213081112      5      7     33
20250213081113    -12     29     39
20250213081114    -12     46     18
20250213081114     11     50      4
20250213081115     11     38     -9
20250213081116     -8     34    -37
20250213081117    -19     17    -29
20250213081118    -15     -2     -9
20250213081118    -10      2    -15
20250213081119      1    -28    -30
20250213081120      4    -53    -13
20250213081121      4    -46     12
20250213081121     17    -31     37
20250213081122     12     -1     59
20250213081123     -3     10     48
20250213081124    -16     12     15
20250213081125    -24     18     22
20250213081125    -32     19     22
20250213081126    -16     45    -23
20250213081127     16     44    -64
20250213081128     11      0    -86
20250213081129    -10    -40    -63
20250213081129    -13    -73    -32
20250213081130      3    -72     16
20250213081131     28    -43     50
20250213081132     49      5     50
20250213081132     50     35     40
20250213081133     31     52     24
20250213081134      7     62     13
20250213081135    -13     51     -2
20250213081136    -33     18     -4
20250213081136    -51    -17    -13
20250213081137    -32    -26    -18
20250213081138    -15    -38    -10
20250213081139     -8    -33    -12
20250213081139     16    -29     -6
20250213081140     23    -25     -3
20250213081141     28     -7      8
20250213081142     17      8     18
20250213081143     -2     24      7
20250213081143     -8     20     -3
20250213081144    -17     13     -5
20250213081145    -19     10     -5
20250213081146    -22     23     -6
20250213081146    -12     28    -13
20250213081147     -1     15    -24
20250213081148     13    -21    -26
20250213081149     28    -33     -5
20250213081150     13     -8     23
20250213081150      3     -1     36
20250213081151     -8     11     49
20250213081152    -11     15     36
20250213081153      7     21      1
20250213081154     12     23    -25
20250213081154      5     25    -40
20250213081155      3     17    -28
20250213081156     15    -11    -22
20250213081157     15    -39    -10
20250213081157     -9    -58     13
20250213081158    -20    -55     28
20250213081159    -14    -31     41
20250213081200    -18      0     20
20250213081201    -29    -13    -15
20250213081201    -22    -23    -25
20250213081202     -8      4      3
20250213081203      5     39     24
20250213081204     34     68     -5
20250213081204     32     41    -54
20250213081205     19    -11    -62
20250213081206     26    -20    -24
20250213081207     21    -13     14
20250213081208      3     -3     35
20250213081208    -12     20     35
20250213081209    -11     26     44
20250213081210      3     22     35
20250213081211     -1     11      1
20250213081211    -24    -10    -18
20250213081212    -40    -27    -20
20250213081213    -28    -58     -5
20250213081214    -12    -58     31
20250213081215    -18    -14     48
20250213081215    -24     29     10
20250213081216    -13     51    -35
20250213081217      8     64    -62
20250213081218     20     52    -78
20250213081219     23     24    -81
20250213081219     32     -3    -34
20250213081220     46    -28      2
20250213081221     68    -39     17
20250213081222     68    -46     50
20250213081222     50    -28     89
20250213081223      2     -9    116
20250213081224    -52      9     81
20250213081225    -69     31     42
20250213081226    -80     27     -4
20250213081226    -65     13    -51
20250213081227    -46      1    -54
20250213081228    -31    -23    -58
20250213081229    -15    -49    -82
20250213081229     10    -67    -77
20250213081230     29    -63    -49
20250213081231     45    -39     -2
20250213081232     47      3     41
20250213081233     41     57     49
20250213081233     31     74     49
20250213081234     19     63     19
20250213081235     24     50     20
20250213081236      6     35     31
20250213081236      0     12     13
20250213081237    -13     -6     10
20250213081238    -30    -22     -1
20250213081239    -41    -37    -15
20250213081240    -38    -29    -33
20250213081240    -25    -12    -35
20250213081241    -15      4    -15
20250213081242     -1     10     -4
20250213081243      7     13      4
20250213081244     26      7      1
20250213081244     30      8     11
20250213081245      9     16     15
20250213081246    -18     -7      5
20250213081247    -24    -19      6
20250213081247     -9    -22     19
20250213081248      8    -18     14
20250213081249      4      0     -2
20250213081250      0     -4     -1
20250213081251      0      7     -3
20250213081251      0     12    -20
20250213081252     18      5    -22
20250213081253     29     11     -6
20250213081254     32     11    -21
20250213081254     29      3    -25
20250213081255     20    -29    -25
20250213081256      9    -38     12
20250213081257    -13    -22     40
20250213081258    -32    -32     21
20250213081258    -43    -31     27
20250213081259    -40      4     44
20250213081300    -35     39     43
20250213081301    -24     39    -10
20250213081301      3     20    -54
20250213081302     20     13    -50
20250213081303     31      8    -30
20250213081304     35      0     -1
20250213081305     15     -1      2
20250213081305      4      0      8
20250213081306      5      5     29
20250213081307      5     21     27
20250213081308     -6     37     18
20250213081309    -19     24     -7
20250213081309    -19      6    -19
20250213081310    -30     -3    -33
20250213081311    -22    -24    -47
20250213081312     -4    -35     -4
20250213081312     15    -33     45
20250213081313     30     -7     48
20250213081314     28     11      4
20250213081315     15      6    -19
20250213081316    -11     -5      6
20250213081316    -19      0     14
20250213081317     -6     18     13
20250213081318     -1     -3    -23
20250213081319      4    -30    -30
20250213081319     -5    -36      8
20250213081320    -19    -29     12
20250213081321    -15    -17     28
20250213081322     -2      4     16
20250213081323     21     34    -19
20250213081323     29     46    -42
20250213081324     25     22    -45
20250213081325     35     -7    -30
20250213081326     34     -9      3
20250213081326     11     -8     14
20250213081327     -6     -5     17
20250213081328    -16      0     39
20250213081329    -21      3     41
20250213081330    -26     11     23
20250213081330    -27      7     -4
20250213081331    -30     -7     -4
20250213081332    -29    -25     -6
20250213081333    -22    -31     -8
20250213081334    -15     -7      0
20250213081334     -5     32      9
20250213081335      9     53    -11
20250213081336     33     38    -35
20250213081337     37     14    -21
20250213081337     26      8    -17
20250213081338     10     -3     -3
20250213081339     -1    -15     -3
20250213081340     -7     -7     10
20250213081341    -11     17     36
20250213081341     -8     18     22
20250213081342      3     -4     -2
20250213081343     18    -36    -10
20250213081344     20    -65      8
20250213081344      5    -45     19
20250213081345    -26    -15     -3
20250213081346    -45     -8    -18
20250213081347    -38     -2    -13
20250213081348    -14     29    -15
20250213081348     15     43    -22
20250213081349     42     20    -37
20250213081350     58    -21     -6
20250213081351     53    -41     42
20250213081351     40    -20     80
20250213081352      0      4     79
20250213081353    -42     33     25
20250213081354    -55     33    -39
20250213081355    -54     16    -67
20250213081355    -42     -9    -63
20250213081356    -25    -35    -55
20250213081357      3    -31    -20
20250213081358     43     10      7
20250213081359     70     56     46
20250213081359     50     71     36
20250213081400     20     56      2
20250213081401     -6      6     -8
20250213081402    -33    -31     -3
20250213081402    -54    -61     14
20250213081403    -58    -65     20
20250213081404    -49    -38     37
20250213081405    -20     -4     18
20250213081406     19     25    -11
20250213081406     37     36    -10
20250213081407     34     38     -5
20250213081408     27     13    -19
20250213081409     24      2    -24
20250213081409     23      7    -18
20250213081410     23      7     -9
20250213081411     13      4    -19
20250213081412      5    -12    -42
20250213081413     -4    -44    -29
20250213081413    -16    -58     13
20250213081414    -33    -56     56
20250213081415    -35    -47     67
20250213081416    -22    -11     62
20250213081416    -23     27     36
20250213081417    -14     52    -12
20250213081418      8     51    -45
20250213081419     19     32    -49
20250213081420     25     18    -49
20250213081420     28     13    -45
20250213081421     26     -4    -30
20250213081422     24    -13     12
20250213081423     11    -16     43
20250213081424      2     -5     53
20250213081424    -20      9     64
20250213081425    -38     29     50
20250213081426    -44     40     13
20250213081427    -29     24    -39
20250213081427     -4      2    -44
20250213081428     14    -26    -31
20250213081429     27     -8    -28
20250213081430     22     -7    -20
20250213081431      4    -15    -31
20250213081431    -20    -16    -25
20250213081432    -39    -38      2
20250213081433    -27    -51     16
20250213081434      9    -41     48
20250213081434     31      7     58
20250213081435     38     38      0
20250213081436     35     15    -57
20250213081437     32    -23    -52
20250213081438     18    -12      9
20250213081438     -2      4     53
20250213081439    -14     29     68
20250213081440    -18     66     51
20250213081441    -32     56     15
20250213081441    -42     26    -11
20250213081442    -28     -2    -45
20250213081443      4    -25    -62
20250213081444     26    -35    -47
20250213081445     27    -37    -20
20250213081445      9    -27     18
20250213081446    -18    -15     33
20250213081447    -25    -20     25
20250213081448    -20     -6     29
20250213081449     -4     23     14
20250213081449     10     41    -29
20250213081450     16     33    -69
20250213081451     25     -3    -57
20250213081452     37    -29    -10
20250213081452     33    -39     10
20250213081453     22    -28     27
20250213081454      9      6     32
20250213081455    -14     34     26
20250213081456    -27     33     41
20250213081456    -37     35     61
20250213081457    -32     44     41
20250213081458     -6     43    -13
20250213081459      9     15    -35
20250213081459     -4    -29    -35
20250213081500    -30    -63    -39
20250213081501    -45    -82    -30
20250213081502    -28    -77    -14
20250213081503     -5    -18     -5
20250213081503     14     25     13
20250213081504     31     45      1
20250213081505     33     46    -24
20250213081506     38     13    -18
20250213081506     29      6     22
20250213081507     20      7     50
20250213081508     19     28     42
20250213081509     12     20      5
20250213081510      1    -12    -32
20250213081510    -13    -36    -30
20250213081511    -21    -46      0
20250213081512    -19    -19     17
20250213081513      0     18      4
20250213081514     11     16     -3
20250213081514     -1    -11     -1
20250213081515    -16    -19     10
20250213081516    -11     -5      6
20250213081517      5      1      5
20250213081517     14      7      6
20250213081518      4     30     -5
20250213081519    -10     32    -29
20250213081520    -19      8    -41
20250213081521    -20    -15    -10
20250213081521     -5      2      3
20250213081522      2      6     15
20250213081523     -4      3     14
20250213081524    -10     18     -2
20250213081524    -15     -1     13
20250213081525     -7    -25     35
20250213081526     14     -7     35
20250213081527     23     11      6
20250213081528     13     14    -27
20250213081528     -7     15    -42
20250213081529     -8     -3    -24
20250213081530     -1    -19     -6
20250213081531      9    -17     -4
20250213081531     10    -19      3
20250213081532     16    -15     16
20250213081533     27    -12     31
20250213081534     12     -8     35
20250213081535     -4     24     19
20250213081535    -16     31     -7
20250213081536    -23     12    -20
20250213081537     -8     -2    -34
20250213081538     13    -11    -42
20250213081539     14    -27    -22
20250213081539      1    -27     -4
20250213081540     -7    -21     -7
20250213081541     -2    -20     -5
20250213081542     -3    -12     12
20250213081542     -2     18     45
20250213081543     10     49     54
20250213081544     14     63     30
20250213081545     -5     47     -3
20250213081546    -16     10    -49
20250213081546     -6    -33    -47
20250213081547     -3    -57     -3
20250213081548     -9    -40     14
20250213081549      1    -13     15
20250213081549     -1     17     35
20250213081550    -13     29     20
20250213081551     -2     42      2
20250213081552      3     24     22
20250213081553     -6     19    -13
20250213081553     -6     15    -54
20250213081554     -3    -30    -48
20250213081555     -9    -51    -31
20250213081556    -17    -39     -3
20250213081556    -22    -14     19
20250213081557     -4     -5     19
20250213081558     28     13     23
20250213081559     50     29     20
20250213081600     65     28      4
20250213081600     60      5    -10
20250213081601     38      3     -3
20250213081602      1     14     18
20250213081603    -47     -4     15
20250213081604    -62    -28      0
20250213081604    -62    -52     11
20250213081605    -64    -41     19
20250213081606    -46     -2      9
20250213081607    -23     23    -16
20250213081607     12     37    -57
20250213081608     61     15    -59
20250213081609     76      2    -40
20250213081610     70      8    -14
20250213081611     42      0     17
20250213081611     -1      2     69
20250213081612    -30      8     83
20250213081613    -49     18     29
20250213081614    -38      5    -16
20250213081614    -17    -22    -27
20250213081615     -3    -22    -20
20250213081616     18     -8    -11
20250213081617     26     15     21
20250213081618     22     27     13
20250213081618     13     25      5
20250213081619    -29     -1      0
20250213081620    -48    -32    -21
20250213081621    -38    -38    -16
20250213081621    -21    -33    -22
20250213081622     16    -12    -19
20250213081623     29     15    -14
20250213081624     23     36     -8
20250213081625      7     28      1
20250213081625     -1     19      9
20250213081626     -3      2     29
20250213081627      7    -16     18
20250213081628     25     -8     -5
20250213081629      9    -14     -8
20250213081629     -5    -17    -11
20250213081630     -6     -9     11
20250213081631      1      8     24
20250213081632     12     19     19
20250213081632     23     18     20
20250213081633      2     22     23
20250213081634    -25     22    -11
20250213081635    -21      2    -24
20250213081636    -24    -29    -14
20250213081636    -13    -28    -10
20250213081637    -14    -17     15
20250213081638    -26    -10     -5
20250213081639    -10     -5    -33
20250213081639      7     -4    -24
20250213081640      7     -1    -13
20250213081641     13      0     -5
20250213081642     31     12     11
20250213081643     29     27     23
20250213081643     32     44     22
20250213081644     33     33     15
20250213081645     17     11    -15
20250213081646     -8    -11    -57
20250213081646    -15    -59    -66
20250213081647     -3    -80    -13
20250213081648     -8    -74     53
20250213081649     -9    -42     71
20250213081650    -26      6    101
20250213081650    -25     45     83
20250213081651    -18     85     42
20250213081652    -41     82    -17
20250213081653    -35     51    -93
20250213081654     -1      7   -109
20250213081654     18    -30   -105
20250213081655     26    -49    -70
20250213081656     40    -41    -18
20250213081657     33    -21     46
20250213081657     12     -5     65
0250213081658     -7     28     64
20250213081659    -14     32     55
20250213081700      6     25     21
20250213081701     27     15     13
20250213081701     25     13      6
20250213081702      0     13    -15
20250213081703    -27     -3    -34
20250213081704    -43    -17    -23
20250213081704    -39    -24    -20
20250213081705    -17    -19      7
20250213081706      3    -20      8
20250213081707     21    -27    -24
20250213081708     26    -23    -10
20250213081708    -11    -28      4
20250213081709    -16    -30     17
20250213081710      6     -4     59
20250213081711      9     40     53
20250213081711     14     62    -16
20250213081712     12     29    -63
20250213081713      7      6    -70
20250213081714     -6      2    -52
20250213081715      2     -2    -44
20250213081715     17    -18     -4
20250213081716     30    -35     36
20250213081717     42    -31     66
20250213081718     20    -15     80
20250213081719     -6     12     77
20250213081719    -42     32     69
20250213081720    -74     40     12
20250213081721    -71     43    -42
20250213081722    -46     19    -90
20250213081722    -10    -19    -97
20250213081723     31    -39    -67
20250213081724     54    -27     -8
20250213081725     49      1     26
20250213081726     34     10     25
20250213081726     16     10     16
20250213081727     -5      0     18
20250213081728    -26     -2     22
20250213081729    -22      4     26
20250213081729    -16     15     25
20250213081730     -6     26      1
20250213081731      9     28    -14
20250213081732     -4      0    -36
20250213081733    -14    -34    -28
20250213081733     -1    -31     -2
20250213081734      8    -32     21
20250213081735     18    -31      6
20250213081736     15    -26    -19
20250213081736      2    -30     -1
20250213081737      6     -4     30
20250213081738     -1     39     46
20250213081739      3     69     17
20250213081740      7     71    -17
20250213081740     -9     39    -41
20250213081741    -20     -5    -28
20250213081742    -17    -45      8
20250213081743     -2    -46     -2
20250213081744      3    -46    -17
20250213081744      3    -64    -13
20250213081745      9    -40     12
20250213081746      9     13     44
20250213081747     -6     53     47
20250213081747     -7     65     17
20250213081748     12     58    -40
20250213081749     21     27    -74
20250213081750     23    -13    -73
20250213081751     28    -45    -38
20250213081751     18    -69     33
20250213081752    -14    -57     85
20250213081753    -51    -11     90
20250213081754    -57     35     58
20250213081754    -31     58     23
20250213081755    -10     59    -19
20250213081756      8     46    -65
20250213081757     12     20    -70
20250213081758     10      5    -52
20250213081758     10      0    -28
20250213081759     15    -14    -11
20250213081800     17    -30     17
20250213081801     18    -28     40
20250213081801      7    -26     43
20250213081802    -10    -28     34
20250213081803     -7    -12     21
20250213081804    -12      4     12
20250213081805    -18     -2    -20
20250213081805     -4     -8    -33
20250213081806      8    -12     -6
20250213081807      2    -12     -2
20250213081808     10     15      2
20250213081809     20     17     14
20250213081809     22      8      3
20250213081810     16     12     10
20250213081811     -1      0     -6
20250213081812    -17     -4    -26
20250213081812    -18     -3    -25
20250213081813    -25     -7    -43
20250213081814    -16    -15    -33
20250213081815      4    -11     12
20250213081816     23     12     38
20250213081816     40     20     42
20250213081817     24     21     34
20250213081818      7     22     34
20250213081819    -22     20     37
20250213081819    -42     -4      6
20250213081820    -51    -30    -31
20250213081821    -50    -25    -53
20250213081822    -35    -10    -52
20250213081823      4     13    -41
20250213081823     42     10    -18
20250213081824     46      4     23
20250213081825     35      3     37
20250213081826     27     21     27
20250213081826     15     43     26
20250213081827      9     27      7
20250213081828     17     -5    -14
20250213081829     12    -15     -8
20250213081830      5    -18      6
20250213081830    -23    -35      4
20250213081831    -33    -32     14
20250213081832    -35    -34     30
20250213081833    -49    -15     10
20250213081834    -44     -9    -29
20250213081834    -14    -26    -45
20250213081835     24    -21    -29
20250213081836     56      2    -15
20250213081837     71     23     -5
20250213081837     59     27     31
20250213081838     37     28     41
20250213081839     -2     28     10
20250213081840    -44     19      0
20250213081841    -64      3     -9
20250213081841    -65     -6    -11
20250213081842    -44      6    -27
20250213081843    -19     12    -28
20250213081844     -7     -4    -16
20250213081844     12     -1     -1
20250213081845     30     13     17
20250213081846     47     12     23
20250213081847     62      2     20
20250213081848     58      2     12
20250213081848     31     -6     12
20250213081849      0    -24      5
20250213081850    -26    -32     32
20250213081851    -38     -5     30
20250213081851    -41     23      2
20250213081852    -60     11    -25
20250213081853    -51    -16    -42
20250213081854    -17    -32    -31
20250213081855      6    -25    -13
20250213081855     26    -12     11
20250213081856     40      3      7
20250213081857     39     20     -7
20250213081858     14     25    -22
20250213081859     -6      5    -29
20250213081859      0    -11    -17
20250213081900      5    -10      1
20250213081901      9    -14     16
20250213081902     22     -2     29
20250213081902     29     25     40
20250213081903     20     25     39
20250213081904     -7      6     32
20250213081905    -39     11     37
20250213081906    -56      6      7
20250213081906    -53    -10    -33
20250213081907    -49    -11    -41
20250213081908    -30    -12    -60
20250213081909     24      2    -61
20250213081909     52     16    -36
20250213081910     56     15    -23
20250213081911     49     14     17
20250213081912     17      4     61
20250213081913      6     -8     56
20250213081913    -13    -14     54
20250213081914    -32     -7     38
20250213081915    -22     -2     11
20250213081916    -23      6    -11
20250213081916    -20      6    -40
20250213081917     -2    -13    -66
20250213081918      7    -28    -62
20250213081919     19    -25    -23
20250213081920     23     -8     17
20250213081920     25      0     45
20250213081921     27     13     47
20250213081922      5     13     39
20250213081923    -15      2     19
20250213081924    -19      2      0
20250213081924    -26     -4    -17
20250213081925    -34     -1    -50
20250213081926    -14     -8    -57
20250213081927      9    -11    -24
20250213081927     17     12     -2
20250213081928     29     29     14
20250213081929     22     37     21
20250213081930     19     20     17
20250213081931     13    -14     13
20250213081931     -7    -30      7
20250213081932    -26    -36     17
20250213081933    -36    -25     25
20250213081934    -36     -5     26
20250213081934    -26      5     17
20250213081935     -9     24      7
20250213081936      0     40    -10
20250213081937     19     32    -42
20250213081938     33     15    -41
20250213081938     28      6    -27
20250213081939     20    -11    -10
20250213081940      2    -30      5
20250213081941     -9    -23     -9
20250213081941     -6    -10    -15
20250213081942      8     -4    -14
20250213081943     20     11      2
20250213081944     14     14     14
20250213081945      6     15     12
20250213081945      9      8     17
20250213081946      6      0     60
20250213081947    -22     -7     77
20250213081948    -22    -15     13
20250213081949    -19    -21    -14
20250213081949    -34    -39    -20
20250213081950    -35    -26    -30
20250213081951    -28     -7    -42
20250213081952      0    -12    -55
20250213081952     31     -7    -20
20250213081953     33     16     23
20250213081954     14     30     20
20250213081955     13     43     11
20250213081956     17     49     -8
20250213081956     20     36    -56
20250213081957     14     -9    -50
20250213081958      8    -50     21
20250213081959     10    -39     63
20250213081959      9    -14     50
20250213082000     -8     -1     29
20250213082001    -28      7     10
20250213082002    -38     22     -4
20250213082003    -43     10     -9
20250213082003    -14     -9    -13
20250213082004     -2     -1      7
20250213082005     -4     18     19
20250213082006      6     38     -8
20250213082006      6     33    -37
20250213082007     11      5    -32
20250213082008     16    -10     -3
20250213082009     20    -17      7
20250213082010     15    -37      1
20250213082010      9    -46     21
20250213082011     -7    -30     50
20250213082012    -17      7     16
20250213082013     -7     15    -40
20250213082014      0     -2    -60
20250213082014     15     10    -30
20250213082015      7     17     -6
20250213082016     -8     23      1
20250213082017    -12     18      4
20250213082017     13      3    -12
20250213082018     40    -19     10
20250213082019     40    -34     26
20250213082020     28    -10     39
20250213082021    -11     -1     46
20250213082021    -36     10     27
20250213082022    -48      8     15
20250213082023    -45    -22    -13
20250213082024    -34    -36    -11
20250213082024    -24    -30      3
20250213082025    -20      1      5
20250213082026    -19     36     -6
20250213082027      6     52    -29
20250213082028     33     44    -51
20250213082028     41      4    -66
20250213082029     36    -27    -30
20250213082030     38      0     -3
20250213082031     41     23     10
20250213082031     36     34     20
20250213082032     17     25     22
20250213082033      9      0     28
20250213082034    -10    -15     51
20250213082035    -48    -41     46
20250213082035    -69    -46     29
20250213082036    -70    -43     24
20250213082037    -53    -19     -8
20250213082038    -28      4    -30
20250213082039      5      6    -57
20250213082039     28      3    -55
20250213082040     49     15    -37
20250213082041     53     34      5
20250213082042     50     35     12
20250213082042     50     24     -6
20250213082043     31      4     -1
20250213082044     -3    -22     16
20250213082045    -32    -39     48
20250213082046    -39    -20     68
20250213082046    -45     -5     60
20250213082047    -41     18     -4
20250213082048    -31     22    -55
20250213082049    -23      8    -81
20250213082049     -3     -4    -64
20250213082050     33    -11    -40
20250213082051     58     -3    -23
20250213082052     62    -11     -3
20250213082053     45     -7     50
20250213082053     10      2     87
20250213082054    -22      9     73
20250213082055    -41     19     37
20250213082056    -42     16     18
20250213082056    -41      6      2
20250213082057    -33     -2    -65
20250213082058    -10    -18    -80
20250213082059      3    -32    -41
20250213082100      7    -33    -11
20250213082100     15    -33     10
20250213082101     22     -9     37
20250213082102     34     50     36
20250213082103     20     60     15
20250213082104     -1     37    -12
20250213082104     -5     16    -30
20250213082105      3     -2    -29
20250213082106      7    -13    -22
20250213082107     11    -38    -27
20250213082107     11    -44      6
20250213082108      1    -39     43
20250213082109     -8    -11     59
20250213082110    -27     14     47
20250213082111     -5     27      2
20250213082111      6     29     18
20250213082112    -18     33     -4
20250213082113    -14     33    -40
20250213082114      1      1    -32
20250213082114    -12    -17     -6
