2025 02 14 23 56  1.2  0.6 14.3  1.1  9.9   N   E    AVERAGE  7.3  87
2025 02 14 23 26  1.1  0.6 13.3  1.0  9.9 NNW ENE    AVERAGE  7.2  73
2025 02 14 22 56  1.2  0.6 13.3  1.1  9.1   N   E    AVERAGE  7.0  82
2025 02 14 22 26  1.1  0.5 10.5  1.0  9.1   E ENE    AVERAGE  6.3  78
2025 02 14 21 56  1.1  0.5 13.3  1.0  9.1   N ENE    AVERAGE  6.6  75
2025 02 14 21 26  1.2  0.6 13.3  1.1  9.1   N   E    AVERAGE  7.2  79
2025 02 14 20 56  1.1  0.5 10.5  1.0  9.9 ENE ENE    AVERAGE  7.0  66
2025 02 14 20 26  1.1  0.5 10.5  1.0  9.9 ENE ENE    AVERAGE  6.9  66
2025 02 14 19 56  1.1  0.5 10.5  1.0  9.9  NE ENE    AVERAGE  6.5  70
2025 02 14 19 26  1.2  0.5 13.3  1.1  9.9 ENE   E    AVERAGE  6.3  85
2025 02 14 18 56  1.2  0.6 11.1  1.0  9.1 NNE ENE    AVERAGE  6.7  66
2025 02 14 18 26  1.1  0.5 13.3  1.0  9.9   N ENE    AVERAGE  7.0  78
2025 02 14 17 56  1.0  0.5 12.5  0.9  9.9   N ENE    AVERAGE  7.1  59
2025 02 14 17 26  1.0  0.6 10.5  0.9  9.9  NE ENE    AVERAGE  6.6  73
2025 02 14 16 56  1.0  0.5 10.5  0.9  8.3 ENE ENE    AVERAGE  6.5  78
2025 02 14 16 26  1.1  0.6 10.5  0.9  9.1   E ENE    AVERAGE  6.6  85
2025 02 14 15 56  1.0  0.5 10.5  0.8  9.9 NNE   E    AVERAGE  6.6  31
2025 02 14 15 26  0.9  0.5 12.5  0.8  9.1 NNE ENE    AVERAGE  7.0  28
2025 02 14 14 56  1.0  0.5 10.5  0.9  8.3  NE ENE    AVERAGE  7.3  72
2025 02 14 14 26  1.0  0.6 11.8  0.8  9.9   N  NE    AVERAGE  7.7  54
2025 02 14 13 56  1.1  0.6 10.5  0.9  9.1  NE   E    AVERAGE  7.9  51
2025 02 14 13 26  1.1  0.6 10.5  0.9  9.1  NE ENE    AVERAGE  7.8  78
2025 02 14 12 56  1.0  0.6 11.1  0.8  9.9 NNE   E    AVERAGE  7.9  83
2025 02 14 12 26  1.0  0.6 11.1  0.8  9.1   N ENE    AVERAGE  7.7  72
2025 02 14 11 56  1.0  0.6 13.3  0.8  9.1   N   E    AVERAGE  7.7  10
2025 02 14 11 26  1.0  0.6 10.5  0.8  9.1 ENE ENE    AVERAGE  7.7  73
2025 02 14 10 56  1.0  0.6 12.5  0.9  9.9   N   E    AVERAGE  7.0  92
2025 02 14 10 26  1.0  0.6 11.1  0.8  9.9 NNE ENE    AVERAGE  6.9  68
2025 02 14 09 56  1.0  0.6 13.3  0.8  9.1 NNW ENE    AVERAGE  6.6 345
2025 02 14 09 26  1.1  0.7 13.3  0.9  9.1 NNW ENE    AVERAGE  7.0 345
2025 02 14 08 56  1.1  0.7 14.3  0.9  9.1 NNW ENE    AVERAGE  7.3 348
2025 02 14 08 26  1.1  0.6 13.3  0.9  9.1   N ENE    AVERAGE  7.2  68
2025 02 14 07 56  1.1  0.7 14.3  0.9  9.9   N  NE    AVERAGE  7.6 353
2025 02 14 07 26  1.2  0.7 14.3  0.9  9.1   N ENE    AVERAGE  7.5 356
2025 02 14 06 56  1.1  0.7 14.3  0.9  9.1   N ENE    AVERAGE  7.6 353
2025 02 14 06 26  1.1  0.6 14.3  1.0  9.1   N ENE    AVERAGE  7.3  76
2025 02 14 05 56  1.1  0.6 14.3  1.0  9.1 NNW ENE    AVERAGE  7.3  70
2025 02 14 05 26  1.1  0.5 14.3  1.0  9.1   N ENE    AVERAGE  7.1  68
2025 02 14 04 56  1.2  0.6 12.5  1.1  9.1   N ENE    AVERAGE  7.6  76
2025 02 14 04 26  1.2  0.6 12.5  1.1  9.1 NNW ENE    AVERAGE  7.5  73
2025 02 14 03 56  1.2  0.7 13.3  1.0  9.1   N ENE    AVERAGE  7.6  72
2025 02 14 03 26  1.3  0.8 14.3  1.1  8.3   N ENE    AVERAGE  7.6 349
2025 02 14 02 56  1.2  0.7 12.5  1.0  9.1   N  NE    AVERAGE  7.4 359
2025 02 14 02 26  1.2  0.7 13.3  1.0  8.3   N ENE    AVERAGE  7.5 349
2025 02 14 01 56  1.3  0.7 11.8  1.2  9.9   N  NE    AVERAGE  7.6  52
2025 02 14 01 26  1.3  0.8 13.3  1.1  9.1 NNW  NE    AVERAGE  7.7  55
2025 02 14 00 56  1.3  0.7 13.3  1.2  8.3   N ENE    AVERAGE  7.5  62
2025 02 14 00 26  1.3  0.6 12.5  1.2  9.1   N ENE    AVERAGE  7.2  61
2025 02 13 23 56  1.4  0.7 10.5  1.1  9.1   N ENE    AVERAGE  7.5  58
2025 02 13 23 26  1.3  0.6 12.5  1.1  8.3   N  NE    AVERAGE  7.2  54
2025 02 13 22 56  1.3  0.8 10.5  1.1  9.1  MM  NE    AVERAGE  7.4   0
2025 02 13 22 26  1.3  0.8 14.3  1.1  9.1   N ENE    AVERAGE  7.7  75
2025 02 13 21 56  1.5  0.9 12.5  1.2  9.1   N ENE    AVERAGE  8.0  66
2025 02 13 21 26  1.4  0.8 10.5  1.2  8.3   N ENE    AVERAGE  7.8  61
2025 02 13 20 56  1.4  0.8 12.5  1.2  9.1   N  NE    AVERAGE  7.9  49
2025 02 13 20 26  1.4  0.8 13.3  1.2  9.1   N ENE    AVERAGE  7.8  76
2025 02 13 19 56  1.4  0.7 10.5  1.3  9.1 NNE ENE    AVERAGE  7.8  76
2025 02 13 19 26  1.3  0.7 10.5  1.1  9.1 NNE  NE    AVERAGE  7.7  56
2025 02 13 18 56  1.4  0.7 11.1  1.3  9.1   N ENE    AVERAGE  7.8  66
2025 02 13 18 26  1.4  0.7 15.4  1.2  9.1   N ENE    AVERAGE  7.7  70
2025 02 13 17 56  1.3  0.6 10.5  1.2  8.3   N ENE    AVERAGE  7.8  72
2025 02 13 17 26  1.3  0.7 10.5  1.2  9.1   N ENE    AVERAGE  7.5  76
2025 02 13 16 56  1.3  0.6 11.8  1.2  9.9   N  NE    AVERAGE  7.6  48
2025 02 13 16 26  1.2  0.6 10.5  1.1  9.9  NE ENE    AVERAGE  7.3  59
2025 02 13 15 56  1.3  0.7 11.1  1.1  9.9  MM  NE    AVERAGE  7.5  40
2025 02 13 15 26  1.2  0.5 11.1  1.1  9.1  MM   E    AVERAGE  7.1  92
2025 02 13 14 56  1.4  0.6 10.5  1.3  8.3 NNE   E    AVERAGE  7.4  85
2025 02 13 14 26  1.3  0.5 11.1  1.2  9.1   N   E    AVERAGE  7.1  83
2025 02 13 13 56  1.4  0.6 10.5  1.4  9.1 NNE   E    AVERAGE  7.4  89
2025 02 13 13 26  1.3  0.5 11.1  1.2  9.1  NE   E    AVERAGE  7.3  85
2025 02 13 12 56  1.4  0.6 11.1  1.3  9.1   N   E    AVERAGE  7.5  85
2025 02 13 12 26  1.3  0.5 10.5  1.2  9.1 ENE ENE    AVERAGE  7.2  73
2025 02 13 11 56  1.4  0.6 10.5  1.3  8.3  NE ENE    AVERAGE  7.3  65
2025 02 13 11 26  1.4  0.6 10.5  1.3  9.1   N ENE    AVERAGE  7.4  70
2025 02 13 10 56  1.4  0.6 11.1  1.3  9.1   N ENE    AVERAGE  7.5  72
2025 02 13 10 26  1.3  0.6 11.1  1.2  9.1   N ENE    AVERAGE  7.4  70
2025 02 13 09 56  1.3  0.6 11.1  1.2  8.3   N  NE    AVERAGE  7.3  56
2025 02 13 09 26  1.4  0.7 10.5  1.2  8.3   N ENE    AVERAGE  7.6  11
2025 02 13 08 56  1.3  0.6 10.5  1.1  9.1 NNE ENE    AVERAGE  7.4  58
2025 02 13 08 26  1.3  0.6 11.1  1.2  8.3   N  NE    AVERAGE  7.3  54
2025 02 13 07 56  1.3  0.7 11.8  1.1  8.3   N   E    AVERAGE  7.5  85
2025 02 13 07 26  1.3  0.7 11.8  1.2  9.1   N  NE    AVERAGE  7.4  44
2025 02 13 06 56  1.3  0.7 12.5  1.2  8.3 NNW ENE    AVERAGE  7.3  69
2025 02 13 06 26  1.4  0.7 11.1  1.2  9.1   N ENE    AVERAGE  7.2  61
2025 02 13 05 56  1.5  0.7 10.5  1.3  8.3   N ENE    AVERAGE  7.4  72
2025 02 13 05 26  1.4  0.7 11.8  1.2  9.1 NNW ENE    AVERAGE  7.2  70
2025 02 13 04 56  1.4  0.8 11.1  1.2  8.3 NNW   E    AVERAGE  7.3  85
2025 02 13 04 26  1.4  0.7 10.5  1.2  9.9   N NNE    AVERAGE  7.1  30
2025 02 13 03 56  1.5  0.7 11.1  1.3  9.1   N   E    AVERAGE  7.3  82
2025 02 13 03 26  1.4  0.6 13.3  1.3  9.1   N ENE    AVERAGE  7.0  76
2025 02 13 02 56  1.4  0.6 10.5  1.3  8.3   N ENE    AVERAGE  7.0  66
2025 02 13 02 26  1.3  0.5 14.3  1.2  9.1 NNW  NE    AVERAGE  6.9  56
2025 02 13 01 56  1.4  0.5 13.3  1.3  8.3 NNW   E    AVERAGE  6.8  89
2025 02 13 01 26  1.3  0.5 16.7  1.2  9.1   N ENE    AVERAGE  6.9  69
2025 02 13 00 56  1.4  0.6 11.1  1.2  8.3   N   E    AVERAGE  7.1  79
2025 02 13 00 26  1.5  0.6 10.5  1.4  8.3  MM   E    AVERAGE  7.2  85
2025 02 12 23 56  1.4  0.5 11.8  1.3  8.3   N   E    AVERAGE  7.0  80
2025 02 12 23 26  1.5  0.7 10.5  1.3  8.3 NNE ENE    AVERAGE  7.1  68
2025 02 12 22 56  1.4  0.6 11.8  1.3  8.3   N   E    AVERAGE  7.2  89
2025 02 12 22 26  1.5  0.7 11.1  1.4  8.3   N   E    AVERAGE  7.4  90
2025 02 12 21 56  1.5  0.7 13.3  1.4  8.3   N ENE    AVERAGE  7.1  78
2025 02 12 21 26  1.5  0.7 10.5  1.3  8.3 NNE ENE    AVERAGE  6.9  78
2025 02 12 20 56  1.4  0.6 11.1  1.3  8.3   N ENE    AVERAGE  6.9  66
2025 02 12 20 26  1.4  0.8 10.5  1.2  8.3   N   E    AVERAGE  7.2 350
2025 02 12 19 56  1.5  0.7 10.5  1.3  8.3   N ENE    AVERAGE  7.1  78
2025 02 12 19 26  1.4  0.7 13.3  1.3  8.3   N ENE    AVERAGE  7.0  62
2025 02 12 18 56  1.6  0.8 13.3  1.3  8.3 NNW   E    AVERAGE  7.2  83
2025 02 12 18 26  1.5  0.8 12.5  1.2  9.1   N ENE    AVERAGE  7.1 353
2025 02 12 17 56  1.4  0.8 13.3  1.2  8.3   N ENE    AVERAGE  7.1  69
2025 02 12 17 26  1.4  0.8 13.3  1.2  9.1   N  NE    AVERAGE  7.1 352
2025 02 12 16 56  1.4  0.8 11.1  1.2  9.1 NNW  NE    AVERAGE  7.0  42
2025 02 12 16 26  1.4  0.7 11.8  1.2  8.3   N ENE    AVERAGE  6.8 353
2025 02 12 15 56  1.3  0.7 13.3  1.1  8.3   N ENE    AVERAGE  6.9 349
2025 02 12 15 26  1.4  0.7 11.8  1.2  8.3   N ENE    AVERAGE  6.8  69
2025 02 12 14 56  1.3  0.7 14.3  1.1  8.3   N ENE    AVERAGE  6.6 353
2025 02 12 14 26  1.3  0.6 11.8  1.1  8.3   N ENE    AVERAGE  6.7  75
2025 02 12 13 56  1.4  0.7 11.8  1.2  8.3   N ENE    AVERAGE  6.7 349
2025 02 12 13 26  1.3  0.7 14.3  1.1  9.1   N ENE    AVERAGE  6.6   2
2025 02 12 12 56  1.2  0.7 13.3  1.0  9.1   N  NE    AVERAGE  6.7 352
2025 02 12 12 26  1.2  0.6 14.3  1.1  8.3   N   E    AVERAGE  6.4  80
2025 02 12 11 56  1.3  0.7 13.3  1.1  8.3   N   E    AVERAGE  6.6  86
2025 02 12 11 26  1.3  0.7 12.5  1.1  7.7 NNW ENE    AVERAGE  6.6 343
2025 02 12 10 56  1.3  0.7 14.3  1.1  7.1   N   E    AVERAGE  6.3 350
2025 02 12 10 26  1.4  0.7 11.1  1.2  7.7   N ENE    AVERAGE  6.4  75
2025 02 12 09 56  1.4  0.8 14.3  1.1  9.1   N  NE    AVERAGE  6.6 350
2025 02 12 09 26  1.4  0.7 13.3  1.1  8.3   N  NE    AVERAGE  6.8  54
2025 02 12 08 56  1.2  0.7 13.3  1.1  8.3   N   E    AVERAGE  6.9  86
2025 02 12 08 26  1.2  0.7 13.3  1.1  7.7 NNW   E    AVERAGE  7.0 340
2025 02 12 07 56  1.3  0.7 12.5  1.1  8.3 NNW ENE    AVERAGE  7.2 339
2025 02 12 07 26  1.2  0.8 13.3  1.0  7.7 NNW   E    AVERAGE  7.4 346
2025 02 12 06 56  1.3  0.8 14.3  1.1  8.3 NNW ENE    AVERAGE  7.5 345
2025 02 12 06 26  1.2  0.8 14.3  1.0  9.1 NNW ENE    AVERAGE  7.5 348
2025 02 12 05 56  1.3  0.8 14.3  1.0  8.3 NNW ENE    AVERAGE  7.6 346
2025 02 12 05 26  1.2  0.7 14.3  1.0  7.7 NNW ENE    AVERAGE  7.1 346
2025 02 12 04 56  1.2  0.7 13.3  1.0  7.7 NNW   E    AVERAGE  7.1 346
2025 02 12 04 26  1.2  0.6 13.3  1.0  9.1 NNW ENE    AVERAGE  6.7 348
2025 02 12 03 56  1.2  0.6 14.3  1.1  8.3 NNW ENE    AVERAGE  6.8 342
2025 02 12 03 26  1.2  0.5 13.3  1.1  8.3   N ENE    AVERAGE  6.6  72
2025 02 12 02 56  1.2  0.5 15.4  1.1  8.3   N ENE    AVERAGE  6.4  65
2025 02 12 02 26  1.2  0.5 11.1  1.1  8.3   N ENE    AVERAGE  6.5  72
2025 02 12 01 56  1.1  0.5 14.3  1.1  8.3   N ENE    AVERAGE  6.4  68
2025 02 12 01 26  1.2  0.5 12.5  1.1  8.3 NNW ENE    AVERAGE  6.5  65
2025 02 12 00 56  1.3  0.5 13.3  1.2  8.3   N ENE    AVERAGE  6.3  72
2025 02 12 00 26  1.2  0.5 13.3  1.1  8.3   N   E    AVERAGE  6.5  90
2025 02 11 23 56  1.2  0.5 13.3  1.1  8.3   N   E    AVERAGE  6.5  83